iters = 100

N = 64
tf = 5

# damping
#D=0,0,0

D = .01, .02, 5

eps = 1e-6

I=1, 10, 10
#I=1, 1, 1

ulb = -100, -100
uub = 100, 100

# 
#x0=-1.76095, -.917983, -2.2352, 1.62703,-1.67655,0.752046
#xf=0, 0.1, -5, 0,0,0

x0=-0.468, -0.332, -3.268, -0.59, 2.427, 3.99
xf=0, 0.1, -5, 0,0,0


#     g     v
Qf = 1, 5, 5, .1, .5, .5
Q = 0, 0, 0, 0, 0, 0

#ko = .5

#     u
R = .01, .05,

mu=.01
